# unique contacts
atom1	atom2
52292	98726
52272	98757
52292	98728
51986	98752
51991	98760
51985	98752
51986	98760
52002	98760
51989	98760
52166	77250
52168	77227
52146	77466
52138	77205
52939	145489
52133	77227
52951	136225
52939	145488
52950	145488
52928	136225
52843	110491
52100	77184
52939	77495
52116	77205
52830	110475
52116	77512
52143	77189
52951	145489
52931	145489
52143	77187
52143	77232
52950	136225
52142	77230
52945	77466
52907	136222
52100	77206
52963	77502
52966	77508
52116	77190
52094	77190
52138	77204
52843	110475
52100	77188
52919	77484
52139	77230
52937	145488
52116	77204
52932	77486
52909	136225
52948	77496
52131	77205
52143	77239
52893	136225
52830	110477
52097	77188
52915	136226
52937	145489
53094	110733
52935	77486
52947	77517
52930	77520
52146	77239
52087	54391
52135	77204
52919	77508
52146	77213
52872	136226
52087	54390
52946	77500
52932	77487
52915	136225
52850	136151
52893	136226
52133	77204
52100	77205
52097	77205
53125	110728
52832	110477
52907	136225
52922	77520
52143	77208
52869	136178
52139	77227
52963	77504
53117	110731
53108	110733
53245	54808
52966	77512
52866	136172
52966	77200
52907	136170
53084	110756
52924	77520
52869	136147
52133	77205
52948	77487
52870	136151
53117	110750
52907	136172
52869	136179
53100	110767
52873	136171
52870	136123
52966	77504
53125	110733
52143	77211
52899	135747
52946	77517
52901	135747
52947	77504
52946	77501
52947	77484
52143	77213
52852	110455
53103	110767
52930	77496
52907	136171
52946	77504
52922	77484
52852	110743
52869	136151
52934	145489
53084	110750
53123	110731
52096	77190
53082	110767
52933	145489
52875	136152
52120	77509
52120	77512
52921	77508
52087	54386
53084	110751
52933	77496
52873	136172
52847	136183
51831	54808
52123	77504
52852	136178
52096	77205
52847	136180
51829	54795
52852	136180
53117	110733
53125	110731
52921	77506
52852	136152
52142	77227
52843	136183
52146	77470
53107	110733
52096	77188
53327	112292
52924	77506
51816	54808
53064	135741
53084	110767
51765	110283
52120	77508
53084	110754
51755	110303
52904	136145
53064	135744
53108	110750
53347	112285
52947	77501
52142	77204
52921	77502
53319	112310
53327	112269
52870	136145
52919	77502
52866	136180
52867	136226
52947	77486
52919	77503
52869	136172
52935	77496
52875	136123
53300	110976
52919	77504
52930	77502
52852	136151
52930	77487
53301	110987
53331	111287
53331	111284
52870	136152
53123	110747
52873	136144
53328	112269
52921	77503
53370	111277
51774	110283
52908	136225
53301	110971
53331	112692
52850	136180
53350	112290
52868	136226
52866	136223
53331	111271
52845	136183
52946	77200
52146	77198
53309	136380
53347	112915
52907	136144
53327	112290
53301	110974
53336	110970
53328	112270
53321	110970
53330	111288
51829	54808
52873	136145
53370	111274
52930	77484
53354	110988
53350	112904
53330	112270
53334	145503
53354	110967
53321	110967
53366	111257
53330	111287
53354	113316
53347	112914
52866	136226
53107	110750
53350	112289
52123	77508
53334	145499
52922	77502
53348	112904
53330	112285
53311	110976
53343	111273
53358	110097
53354	110987
53362	112914
53347	111277
53370	112902
53367	112272
52875	136145
53343	111253
53339	112692
53330	112272
53360	112927
53375	55004
53377	111254
53376	111262
53310	136392
53334	110970
53348	112289
53354	110090
53370	112914
53378	55002
53360	113320
53362	112927
53363	110099
53384	111225
53310	136391
53370	112272
53376	111249
53370	112915
53375	101897
53344	111268
53334	110974
53334	110967
53357	55004
53384	111228
53310	136382
53344	111273
53336	110967
53370	112270
53363	111267
53334	110987
53330	111273
53384	101897
53382	111247
53375	101932
53382	111262
53375	55011
53364	111267
53363	110094
53341	112694
53384	111230
53350	112270
53378	55011
53360	112955
53328	112289
53378	113319
53348	112272
53357	110075
53360	113319
53365	112954
53366	111267
53361	110094
53382	111249
53372	112927
53357	110093
53343	111267
53338	112694
53356	110090
53357	110077
53354	145499
53347	111274
53374	112927
53366	111253
53378	55004
53370	112923
53358	110093
53330	112289
53343	111268
53361	110093
53381	110076
53364	111253
53370	112904
53331	112309
53385	101895
53348	112270
53383	109997
53354	145498
53385	111215
53107	110747
53347	112272
53375	110078
53376	110077
53379	110093
53350	112269
53355	113319
53385	111217
53375	110077
53372	113320
53357	113319
53363	111254
53356	145498
53379	110076
53343	112694
53379	110087
53347	111273
53385	101894
53366	111269
53367	112914
53362	112954
53363	111253
53380	110095
53381	110082
53379	110095
53378	110077
53383	110083
53383	110105
53381	110108
53375	110087
