 51755	110303
 51765	110283
 51774	110283
 51816	54808
 51829	54795
 51829	54808
 51831	54808
 53123	110731
 53123	110747
 53125	110728
 53125	110731
 53125	110733
 53245	54808
 53300	110976
 53301	110971
 53301	110974
 53301	110987
 53309	136380
 53310	136382
 53310	136391
 53310	136392
 53311	110976
 53319	112310
 53321	110967
 53321	110970
 53327	112269
 53327	112290
 53327	112292
 53328	112269
 53328	112270
 53328	112289
 53330	111273
 53330	111287
 53330	111288
 53330	112270
 53330	112272
 53330	112285
 53330	112289
 53331	111271
 53331	111284
 53331	111287
 53331	112309
 53331	112692
 53334	110967
 53334	110970
 53334	110974
 53334	110987
 53334	145499
 53334	145503
 53336	110967
 53336	110970
 53338	112694
 53339	112692
 53341	112694
 53343	111253
 53343	111267
 53343	111268
 53343	111273
 53343	112694
 53344	111268
 53344	111273
 53347	111273
 53347	111274
 53347	111277
 53347	112272
 53347	112285
 53347	112914
 53347	112915
 53348	112270
 53348	112272
 53348	112289
 53348	112904
 53350	112269
 53350	112270
 53350	112289
 53350	112290
 53350	112904
 53354	110090
 53354	110967
 53354	110987
 53354	110988
 53354	113316
 53354	145498
 53354	145499
 53355	113319
 53356	110090
 53356	145498
 53357	55004
 53357	110075
 53357	110077
 53357	110093
 53357	113319
 53358	110093
 53358	110097
 53360	112927
 53360	112955
 53360	113319
 53360	113320
 53361	110093
 53361	110094
 53362	112914
 53362	112927
 53362	112954
 53363	110094
 53363	110099
 53363	111253
 53363	111254
 53363	111267
 53364	111253
 53364	111267
 53365	112954
 53366	111253
 53366	111257
 53366	111267
 53366	111269
 53367	112272
 53367	112914
 53370	111274
 53370	111277
 53370	112270
 53370	112272
 53370	112902
 53370	112904
 53370	112914
 53370	112915
 53370	112923
 53372	112927
 53372	113320
 53374	112927
 53375	55004
 53375	55011
 53375	101897
 53375	101932
 53375	110077
 53375	110078
 53375	110087
 53376	110077
 53376	111249
 53376	111262
 53377	111254
 53378	55002
 53378	55004
 53378	55011
 53378	110077
 53378	113319
 53379	110076
 53379	110087
 53379	110093
 53379	110095
 53380	110095
 53381	110076
 53381	110082
 53381	110108
 53382	111247
 53382	111249
 53382	111262
 53383	109997
 53383	110083
 53383	110105
 53384	101897
 53384	111225
 53384	111228
 53384	111230
 53385	101894
 53385	101895
 53385	111215
 53385	111217
